local MyRoute = {
    CFrame.new(319.05517578125,108.99801635742188,-911.4844970703125,-0.3538718674281558,0.0,0.9352939117961314,0.0,1.0,0.0,-0.9352939117961314,0.0,-0.3538718674281558),
    CFrame.new(319.05517578125,108.99801635742188,-911.4844970703125,-0.3538718674281558,0.0,0.9352939117961314,0.0,1.0,0.0,-0.9352939117961314,0.0,-0.3538718674281558),
    CFrame.new(319.05517578125,108.99801635742188,-911.4844970703125,-0.3538718674281558,0.0,0.9352939117961314,0.0,1.0,0.0,-0.9352939117961314,0.0,-0.3538718674281558),
    CFrame.new(319.05517578125,108.99801635742188,-911.4844970703125,-0.3538718674281558,0.0,0.9352939117961314,0.0,1.0,0.0,-0.9352939117961314,0.0,-0.3538718674281558),
    CFrame.new(319.05517578125,108.99801635742188,-911.4844970703125,-0.3538718674281558,0.0,0.9352939117961314,0.0,1.0,0.0,-0.9352939117961314,0.0,-0.3538718674281558),
    CFrame.new(318.5179443359375,108.99801635742188,-911.2354736328125,-0.37390972693365016,2.457280530986184e-09,0.9274651023647215,8.795579717268194e-07,0.9999999999995512,3.5194639633065427e-07,-0.9274651023643044,9.473555052305983e-07,-0.3739097269334845),
    CFrame.new(317.9164733886719,108.99801635742188,-910.9478759765625,-0.39195192236122406,1.2260158975123831e-09,0.9199857012787432,5.945086323021296e-07,0.9999999999997915,2.519525956452008e-07,-0.9199857012785512,6.456927452117779e-07,-0.39195192236114307),
    CFrame.new(317.3174743652344,108.99801635742188,-910.6552124023438,-0.4067816701450439,7.234648641270507e-10,0.913525408970111,4.01161445799946e-07,0.9999999999999037,1.7784032765911935e-07,-0.9135254089700229,4.3881335934175514e-07,-0.40678167014500505),
    CFrame.new(316.7235107421875,108.99801635742188,-910.3524169921875,-0.4216634519719953,9.160257249420239e-10,0.9067524101269656,4.312038418741521e-07,0.9999999999998872,1.9951077352854066e-07,-0.9067524101268631,4.7512152434704184e-07,-0.4216634519719481),
    CFrame.new(316.13311767578125,108.99801635742188,-910.0427856445312,-0.43507757039103273,6.46830590376197e-10,0.9003929740633453,3.377213439717778e-07,0.9999999999999297,1.6247144905394098e-07,-0.900392974063282,3.7476960861571817e-07,-0.4350775703910024),
    CFrame.new(315.54693603515625,108.99801635742188,-909.7252807617188,-0.4479539806356161,6.353312059237919e-10,0.8940566152278647,3.017792632928159e-07,0.9999999999999432,1.50491466387825e-07,-0.8940566152278139,3.3722099810565086e-07,-0.44795398063559083),
    CFrame.new(315.0780944824219,108.99801635742188,-909.4710693359375,-0.4552080545114711,1.4357251199114364e-10,0.890385100452541,1.7259776769963616e-07,0.9999999999999812,8.807910363248852e-08,-0.8903851004525243,1.9377279813878424e-07,-0.45520805451146257),
    CFrame.new(314.49267578125,108.99801635742188,-909.152099609375,-0.46245973091701714,1.530866754345714e-10,0.8866402862943688,1.494984750536752e-07,0.9999999999999859,7.780374852884755e-08,-0.8866402862943561,1.685324713311482e-07,-0.46245973091701065),
    CFrame.new(313.90826416015625,108.99801635742188,-908.8313598632812,-0.46829124470089417,1.0641701315054688e-10,0.8835741678752764,1.2406153995277107e-07,0.9999999999999902,6.563174667078786e-08,-0.8835741678752678,1.4035234426945208e-07,-0.4682912447008896),
    CFrame.new(313.32452392578125,108.99801635742188,-908.50927734375,-0.47292729526377236,6.177915212015002e-11,0.881101454654623,1.2231435051030465e-07,0.9999999999999903,6.5581568957134e-08,-0.8811014546546144,1.387866661858168e-07,-0.4729272952637678),
    CFrame.new(312.8581848144531,108.99801635742188,-908.2506103515625,-0.47604178162161376,6.474450462916388e-11,0.8794226641101079,1.1788504128679537e-07,0.999999999999991,6.373893107791936e-08,-0.8794226641101001,1.3401317137615363e-07,-0.4760417816216095),
    CFrame.new(312.2755432128906,108.99801635742188,-907.9265747070312,-0.4792147619130089,3.294487373167066e-11,0.8776976768595541,1.0497599715061773e-07,0.9999999999999929,5.7278381762683895e-08,-0.8776976768595479,1.1958583490427935e-07,-0.4792147619130055),
    CFrame.new(311.8097229003906,108.99801635742188,-907.6668701171875,-0.48121403557062686,1.0520277064886315e-11,0.8766031325348042,9.336646412502535e-08,0.9999999999999943,5.1241811766757854e-08,-0.8766031325347992,1.0650361395592762e-07,-0.48121403557062414),
    CFrame.new(310.77056884765625,108.99801635742188,-907.0778198242188,-0.48521695554805655,7.270457266880386e-11,0.8743937934641779,1.0411917944614644e-07,0.9999999999999929,5.769447023690349e-08,-0.8743937934641717,1.1903549948860171e-07,-0.4852169555480531),
    CFrame.new(309.7963562011719,108.99801635742188,-906.5152587890625,-0.48980266579283177,1.0331484908667e-10,0.8718333261479717,1.0209836772495095e-07,0.9999999999999931,5.724114499750271e-08,-0.8718333261479657,1.1704962494073354e-07,-0.4898026657928284),
    CFrame.new(308.63421630859375,108.99801635742188,-905.8284301757812,-0.49677308251311175,1.515233862255423e-10,0.8678804667063438,1.0927344095893388e-07,0.9999999999999921,6.237331382879812e-08,-0.8678804667063369,1.2582166831533738e-07,-0.4967730825131078),
    CFrame.new(307.86273193359375,108.99801635742188,-905.364990234375,-0.5015222474955964,1.2379954817659613e-10,0.8651447481589227,1.1954029055470712e-07,0.9999999999999905,6.9154110643814e-08,-0.8651447481589145,1.3810197956044129e-07,-0.5015222474955916),
    CFrame.new(306.9971618652344,108.99801635742188,-904.8399047851562,-0.5064648192467152,1.289182682305077e-10,0.8622606258350152,1.1705593980395697e-07,0.9999999999999908,6.860547188855843e-08,-0.8622606258350072,1.3567898583244016e-07,-0.5064648192467105),
    CFrame.new(306.1343688964844,108.99801635742188,-904.3099365234375,-0.5112969655125771,1.2278856792248467e-10,0.8594041034679963,1.095984843605009e-07,0.9999999999999919,6.506203971419772e-08,-0.8594041034679893,1.2745541066921556e-07,-0.511296965512573),
    CFrame.new(305.1835632324219,108.99801635742188,-903.7086791992188,-0.5184668172413829,1.7352862240470578e-10,0.8550977484589645,1.0599239589391108e-07,0.9999999999999923,6.40628648914386e-08,-0.8550977484589579,1.2384832874628344e-07,-0.5184668172413789),
    CFrame.new(304.2486267089844,108.99801635742188,-903.0828857421875,-0.5300335809543406,7.920087108102409e-10,0.8479766524266564,2.993793994763109e-07,0.9999999999999378,1.8619513403552715e-07,-0.8479766524266036,3.5255641462254867e-07,-0.5300335809543079),
    CFrame.new(303.3254089355469,108.99801635742188,-902.4400634765625,-0.5431415081569487,1.0775177788820803e-09,0.8396411746198463,3.3711038255760564e-07,0.9999999999999197,2.1678441853596957e-07,-0.8396411746197787,4.007963736157674e-07,-0.5431415081569055),
    CFrame.new(302.414306640625,108.99801635742188,-901.7800903320312,-0.5568608220667209,1.278920578985384e-09,0.8306058179709409,3.7797449086286296e-07,0.9999999999998969,2.518646758750224e-07,-0.830605817970855,4.5420138161263136e-07,-0.556860822066664),
    CFrame.new(301.6881103515625,108.99801635742188,-901.2485961914062,-0.5658570044826718,7.184599757277469e-10,0.8245033962803898,2.4498292014142175e-07,0.999999999999956,1.6726048914662892e-07,-0.8245033962803535,2.966347690441076e-07,-0.5658570044826472),
    CFrame.new(300.8722229003906,108.99801635742188,-900.64892578125,-0.5735395573240747,2.4851681141147524e-10,0.819177866024531,1.3572493911883483e-07,0.9999999999999862,9.472314610404571e-08,-0.8191778660245197,1.655103372785345e-07,-0.5735395573240668),
    CFrame.new(299.69659423828125,108.99801635742188,-899.7786865234375,-0.5819229920578428,1.2790643808685952e-10,0.813243894114458,1.0710349638730782e-07,0.9999999999999913,7.648146034616001e-08,-0.813243894114451,1.3160758471687868e-07,-0.5819229920578378),
    CFrame.new(298.7037658691406,108.99801635742188,-899.0397338867188,-0.5871407841969645,1.1938834194897523e-10,0.8094848358879699,1.0032910493035396e-07,0.9999999999999923,7.262386940226097e-08,-0.8094848358879637,1.238553246715959e-07,-0.5871407841969599),
    CFrame.new(297.8031311035156,108.99801635742188,-898.3654174804688,-0.5910719085416355,9.094355903226564e-11,0.8066188684459027,1.0724530024692159e-07,0.9999999999999912,7.847416322158803e-08,-0.8066188684458956,1.3288995615790483e-07,-0.5910719085416303),
    CFrame.new(296.8104553222656,108.99801635742188,-897.6263427734375,-0.5932382904702588,-6.054820884449465e-11,0.8050269130407535,6.095355606952275e-08,0.9999999999999971,4.499294498465745e-08,-0.8050269130407511,7.576079084742498e-08,-0.5932382904702571),
    CFrame.new(295.9953918457031,108.99801635742188,-897.0258178710938,-0.5933375155169982,-2.9043729524261086e-10,0.8049537829466459,-4.2617906591574957e-10,1.0,4.6672576615861653e-11,-0.8049537829466459,-3.1536186066951843e-10,-0.5933375155169982),
    CFrame.new(294.8856201171875,108.99801635742188,-896.25732421875,-0.5849369142270224,-5.300970767359786e-10,0.8110787917179003,1.873591046053718e-07,0.9999999999999732,1.3577392813304115e-07,-0.8110787917178787,2.3138217873529523e-07,-0.5849369142270067),
    CFrame.new(293.9403076171875,108.99801635742188,-895.6473999023438,-0.5718585151776135,-1.4827826769790101e-09,0.8203522649562535,3.8597985222216135e-07,0.9999999999998889,2.7086979258729583e-07,-0.8203522649561626,4.7153864339336925e-07,-0.5718585151775494),
    CFrame.new(292.7790222167969,108.99801635742188,-894.9590454101562,-0.549585771517399,-3.7099693193952905e-09,0.8354372985123572,7.157362869453071e-07,0.999999999999631,4.7528216598693767e-07,-0.8354372985120506,8.591611058952442e-07,-0.5495857715171935),
    CFrame.new(291.4942321777344,108.99801635742188,-894.2606201171875,-0.5216065932805811,-5.003517335212918e-09,0.8531861238007956,9.400641178719618e-07,0.9999999999993896,5.805851097495973e-07,-0.8531861238002777,1.104886682057313e-06,-0.5216065932802579),
    CFrame.new(290.2966613769531,108.99801635742188,-893.6373901367188,-0.4993402129295692,-2.276955192095447e-09,0.8664059970657246,5.991136405014228e-07,0.9999999999997601,3.4791828430317054e-07,-0.8664059970655176,6.92805241220347e-07,-0.499340212929448),
    CFrame.new(289.4959716796875,108.99801635742188,-893.2264404296875,-0.4881110022984989,-1.0614844717209914e-09,0.8727815588308192,3.5614040861653316e-07,0.9999999999999165,2.0039096210376758e-07,-0.8727815588307466,4.086458143590133e-07,-0.4881110022984578),
    CFrame.new(288.2934265136719,108.99801635742188,-892.613037109375,-0.4754873177381193,-3.4968948319415894e-10,0.8797225759693841,1.7683201733973283e-07,0.9999999999999798,9.597465542503329e-08,-0.8797225759693663,2.0119784928686188e-07,-0.47548731773810965),
    CFrame.new(287.18994140625,108.99801635742188,-892.0531005859375,-0.467519627571084,-1.4983697246634158e-10,0.8839826909141348,1.140955776026755e-07,0.9999999999999917,6.051222435753869e-08,-0.8839826909141275,1.2914916830574995e-07,-0.4675196275710801),
    CFrame.new(286.1850891113281,108.99801635742188,-891.5469970703125,-0.46187661317462114,-1.1311378268193528e-10,0.8869441888880841,1.0886396242188871e-07,0.9999999999999925,5.681849283668063e-08,-0.8869441888880775,1.2279939188651747e-07,-0.46187661317461765),
    CFrame.new(285.27691650390625,108.99801635742188,-891.099365234375,-0.45637310531668746,-1.5579089072081488e-10,0.889788507873418,1.2101660879507622e-07,0.9999999999999907,6.224458503492332e-08,-0.8897885078734097,1.3608594232920859e-07,-0.4563731053166832),
    CFrame.new(284.1615295410156,108.99801635742188,-890.5633544921875,-0.4484827514722228,-1.7228826665015078e-10,0.8937914866633629,1.2435947934660646e-07,0.9999999999999902,6.259331238935879e-08,-0.8937914866633542,1.3922346489002518e-07,-0.4484827514722184),
    CFrame.new(283.2464599609375,108.99801635742188,-890.1300048828125,-0.4425345364772834,-1.4189203245774655e-10,0.8967514616797878,1.1437118326628694e-07,0.9999999999999918,5.659883788813506e-08,-0.8967514616797805,1.2760946625806845e-07,-0.4425345364772798),
    CFrame.new(282.4312744140625,108.99801635742188,-889.7485961914062,-0.43779759891095427,-1.2709844188441503e-10,0.899073557829282,1.2033384512261876e-07,0.999999999999991,5.87370926932733e-08,-0.8990735578292739,1.3390393640979585e-07,-0.4377975989109503),
    CFrame.new(281.31011962890625,108.99801635742188,-889.2245483398438,-0.4328344210284384,-5.610767777497351e-11,0.9014734405255523,1.0571470925667647e-07,0.9999999999999931,5.082021343454062e-08,-0.9014734405255461,1.1729574032625564e-07,-0.4328344210284354),
    CFrame.new(280.4947204589844,108.99801635742188,-888.8431396484375,-0.43038673484260026,-1.703657751944437e-11,0.9026445914486638,9.6695344524968e-08,0.9999999999999942,4.612383498059053e-08,-0.9026445914486586,1.0713261648944282e-07,-0.43038673484259776),
    CFrame.new(279.2724609375,108.99801635742188,-888.2696533203125,-0.42820758691176103,4.1266440398915634e-11,0.9036803984325469,6.002799684402708e-08,0.9999999999999978,2.839851044666019e-08,-0.9036803984325449,6.640658173537085e-08,-0.4282075869117601),
    CFrame.new(278.0523376464844,108.99801635742188,-887.6917114257812,-0.4280464203642085,1.7414784584593267e-10,0.9037567493597972,2.3217830961401965e-08,0.9999999999999997,1.0803970861318822e-08,-0.9037567493597969,2.560787248976863e-08,-0.4280464203642083),
    CFrame.new(276.3695983886719,108.99801635742188,-887.06201171875,-0.3924329947232781,-1.3396537730210074e-08,0.9197805959317251,2.732017497136671e-06,0.9999999999955717,1.1802057475111898e-06,-0.9197805959276678,2.9760083574977086e-06,-0.3924329947215036),
    CFrame.new(274.8122253417969,108.99801635742188,-886.8424682617188,-0.2893230253274632,-9.704385680403685e-08,0.9572315221592709,1.1258379823046765e-05,0.9999999999304846,3.5042226356276738e-06,-0.9572315220930686,1.1790728349423053e-05,-0.2893230253062582),
    CFrame.new(273.0129699707031,108.99801635742188,-886.7913818359375,-0.1657043973040261,-3.24409999892744e-08,0.9861754675077394,8.23928832904068e-06,0.9999999999650526,1.4173211084821008e-06,-0.9861754674733212,8.360240359890055e-06,-0.16570439729796793),
    CFrame.new(272.11322021484375,108.99801635742188,-886.7694702148438,-0.12488885916453658,-8.324865978453621e-09,0.9921707377546369,4.025994694465006e-06,0.9999999999917629,5.151600736878394e-07,-0.9921707377464687,4.058811880093592e-06,-0.12488885916347435),
    CFrame.new(271.21380615234375,108.99801635742188,-886.737060546875,-0.09901726923030031,-1.2180731878213393e-09,0.9950857150990432,1.5286228788612765e-06,0.9999999999988199,1.5333165175669034e-07,-0.9950857150978691,1.5362932719719503e-06,-0.09901726923018161),
    CFrame.new(269.75262451171875,108.99801635742188,-886.677490234375,-0.07481139920998046,-1.2326503804173705e-10,0.9971977008338141,3.5348234379297016e-07,0.9999999999999372,2.6642433843361596e-08,-0.9971977008337515,3.544849382698789e-07,-0.07481139920997572),
    CFrame.new(268.4059143066406,108.99801635742188,-886.5838012695312,-0.07196415532464755,5.019942874501973e-10,0.9974072189173336,-2.4255594402170537e-08,0.9999999999999998,-2.2533701459864077e-09,-0.9974072189173334,-2.4354866835045455e-08,-0.07196415532464752),
    CFrame.new(266.83868408203125,108.99801635742188,-886.4280395507812,-0.0829515301035009,7.694461420022439e-11,0.9965535829314388,1.6113958189804155e-07,0.999999999999987,1.3335790962075179e-08,-0.9965535829314258,1.6169045195801187e-07,-0.08295153010349983),
    CFrame.new(265.389892578125,108.99801635742188,-886.2300415039062,-0.10338662577216905,3.335129409535466e-10,0.9946412446764137,6.148359160439314e-07,0.9999999999998089,6.357296981278968e-08,-0.9946412446762236,6.181137556449592e-07,-0.10338662577214949),
    CFrame.new(264.5041198730469,108.99801635742188,-886.0704956054688,-0.12307737387591301,1.0323552573363599e-09,0.9923970778069677,1.0497342074434086e-06,0.9999999999994407,1.291480770436545e-07,-0.9923970778064126,1.057648366104509e-06,-0.12307737387584525),
    CFrame.new(263.40167236328125,108.99801635742188,-885.8466796875,-0.14880067637823263,1.3720780796337495e-09,0.9888672098463881,1.1172642456684768e-06,0.999999999999362,1.6673380988602567e-07,-0.9888672098457569,1.1296360809614764e-06,-0.1488006763781392),
    CFrame.new(261.87542724609375,108.99801635742188,-885.458251953125,-0.1904674337908108,3.0171725549244488e-09,0.9816935146292569,1.5887711431673176e-06,0.9999999999986914,3.0517874010626856e-07,-0.9816935146279713,1.61781293895302e-06,-0.19046743379056633),
    CFrame.new(260.68914794921875,108.99801635742188,-885.1060791015625,-0.2231586034881499,3.128339003671233e-09,0.974782148835943,1.4331518304111649e-06,0.9999999999989203,3.2488471648312175e-07,-0.9747821488348896,1.4695116404813772e-06,-0.22315860348791344),
    CFrame.new(259.5025939941406,108.99801635742188,-884.7546997070312,-0.24479319328510427,6.628297521104497e-10,0.969575315548659,5.265645097512511e-07,0.9999999999998526,1.3226056398510712e-07,-0.969575315548516,5.429204365023975e-07,-0.24479319328506852),
    CFrame.new(258.08502197265625,108.99801635742188,-884.3961791992188,-0.24578869070824103,-1.0941632994835902e-09,0.9693234339063141,1.0611927963249441e-07,0.9999999999999939,2.8037166077512552e-08,-0.9693234339063084,1.0975512287839519e-07,-0.24578869070823942),
    CFrame.new(256.5216979980469,108.99801635742188,-884.2184448242188,-0.1921049606386252,-1.1098870393860349e-08,0.9813743852873031,3.806254480514971e-06,0.9999999999924701,7.563874181782152e-07,-0.9813743852799218,3.8806664262591005e-06,-0.19210496063713645),
    CFrame.new(255.17239379882812,108.99801635742188,-884.2460327148438,-0.11483295199069088,-1.9174132517920168e-08,0.9933848162404655,7.263499592839488e-06,0.9999999999732518,8.589453136354364e-07,-0.9933848162139108,7.3140854342588764e-06,-0.11483295198748006),
    CFrame.new(253.60211181640625,108.99801635742188,-884.365966796875,-0.033116050493443676,-2.933598414445303e-09,0.9994515131809625,4.904741546543359e-06,0.9999999999879581,1.6545001427907254e-07,-0.9994515131689277,4.907530411481302e-06,-0.033116050493030506),
    CFrame.new(252.2613983154297,108.99801635742188,-884.5239868164062,0.0232694165137308,1.09094168026537e-09,0.9997292304694859,3.179183125690962e-06,0.9999999999949435,-7.508900982132351e-08,-0.999729230464431,3.180069577213737e-06,0.023269416513609666),
    CFrame.new(250.92286682128906,108.99801635742188,-884.6995239257812,0.06365268289907858,9.742618601422295e-10,0.9979721118146285,1.5620734276544343e-06,0.9999999999987749,-1.0060844910098595e-07,-0.9979721118134061,1.5653097151134042e-06,0.06365268289899909),
    CFrame.new(249.4752197265625,108.99801635742188,-884.907470703125,0.09556571860401557,5.824485304966271e-10,0.9954231228114495,8.087836632750497e-07,0.9999999999996699,-7.823250105605141e-08,-0.995423122811121,8.125583049577448e-07,0.09556571860398355),
    CFrame.new(248.2504119873047,108.99801635742188,-885.0845947265625,0.11234756850201809,1.4354623272916013e-10,0.993668970961499,3.035309330151315e-07,0.9999999999999534,-3.4462692831187294e-08,-0.9936689709614527,3.0548106960774526e-07,0.1123475685020128),
    CFrame.new(246.80181884765625,108.99801635742188,-885.2860717773438,0.1228399678795043,2.288927156320078e-11,0.9924264921349905,1.3886932896475377e-07,0.9999999999999902,-1.721194800462705e-08,-0.9924264921349808,1.399319161496627e-07,0.1228399678795031),
    CFrame.new(245.3525390625,108.99801635742188,-885.48193359375,0.12752919276965352,-1.5507059272359088e-12,0.9918348173922513,9.704953695595366e-08,0.9999999999999952,-1.2476975181483352e-08,-0.9918348173922465,9.784828833781243e-08,0.1275291927696529),
    CFrame.new(244.2372589111328,108.99801635742188,-885.6295776367188,0.1287468081296095,-4.980098890218389e-11,0.9916774976757502,3.600202362797886e-08,0.9999999999999993,-4.623826445748549e-09,-0.9916774976757495,3.629769959889272e-08,0.12874680812960942),
    CFrame.new(243.2335205078125,108.99801635742188,-885.7625122070312,0.1294670713211816,-1.0382235275694162e-10,0.9915837218528328,3.2322088028182043e-09,1.0,-3.1731284803117396e-10,-0.9915837218528328,3.246087199631143e-09,0.1294670713211816),
    CFrame.new(242.00672912597656,108.99801635742188,-885.9249877929688,0.13007509855911115,-1.7487911911881605e-10,0.9915041445878264,-2.413671990004499e-08,0.9999999999999997,3.342865843882749e-09,-0.9915041445878261,-2.4366481421763015e-08,0.1300750985591111),
    CFrame.new(240.77976989746094,108.99801635742188,-886.0863647460938,0.13019317594459873,-2.450020057348682e-10,0.9914886469029581,-4.526560242432174e-08,0.999999999999999,6.190968061587524e-09,-0.9914886469029571,-4.568635269304768e-08,0.1301931759445986),
    CFrame.new(239.32913208007812,108.99801635742188,-886.2722778320312,0.1290828921433598,-3.148473762912996e-10,0.9916338068843286,-5.8720365861804507e-08,0.9999999999999982,7.96124736232407e-09,-0.9916338068843268,-5.925676077577925e-08,0.12908289214335955),
    CFrame.new(238.32444763183594,108.99801635742188,-886.3981323242188,0.12769212015142786,-3.567318520161438e-10,0.9918138547384955,-1.3052930701835428e-08,0.9999999999999999,2.0401895354211336e-09,-0.9918138547384954,-1.320659364231053e-08,0.12769212015142783),
    CFrame.new(237.0956573486328,108.99801635742188,-886.5447998046875,0.12466428144021886,-2.800478846064351e-10,0.9921989805139864,1.0594175288805525e-07,0.9999999999999943,-1.3028742084580262e-08,-0.9921989805139807,1.0673951797943723e-07,0.12466428144021818),
    CFrame.new(235.64080810546875,108.99801635742188,-886.6942138671875,0.11588615251218862,-1.630049446331246e-11,0.9932625028943365,1.2975377828127338e-07,0.9999999999999915,-1.512225177201813e-08,-0.993262502894328,1.306320221508342e-07,0.11588615251218763),
    CFrame.new(234.29580688476562,108.99801635742188,-886.8101806640625,0.1048344114202731,-4.494820280556922e-11,0.99448969134032,1.4912750095475131e-07,0.9999999999999887,-1.5675120337700358e-08,-0.9944896913403087,1.4994905440938868e-07,0.10483441142027192),
    CFrame.new(232.83612060546875,108.99801635742188,-886.900390625,0.0879561855255933,-1.2175041473409282e-10,0.996124344360576,3.225241008346313e-07,0.9999999999999476,-2.83561378603627e-08,-0.9961243443605238,3.2376820620681675e-07,0.08795618552558873),
    CFrame.new(231.2622833251953,108.99801635742188,-886.9602661132812,0.06675254607570062,-1.320644451112975e-10,0.9977695613679601,4.2244828358243165e-07,0.9999999999999104,-2.813017670216825e-08,-0.9977695613678706,4.233837995271195e-07,0.0667525460756947),
    CFrame.new(230.02491760253906,108.99801635742188,-886.9788818359375,0.04904276589115648,-1.0447238170142624e-10,0.9987966795668402,4.350771289159871e-07,0.9999999999999052,-2.125849417674293e-08,-0.9987966795667454,4.355961670698705e-07,0.04904276589115187),
    CFrame.new(228.67489624023438,108.99801635742188,-886.9810180664062,0.031344480448508266,-4.617464607562461e-11,0.9995086410559005,3.4123833423952545e-07,0.9999999999999417,-1.065499907887349e-08,-0.9995086410558423,3.4140463914223395e-07,0.031344480448506455),
    CFrame.new(227.4374542236328,108.99801635742188,-886.9735717773438,0.018305546759304316,-1.331566254243572e-11,0.9998324394406509,2.2421179539278786e-07,0.9999999999999749,-4.091689447780368e-09,-0.9998324394406258,2.242491269514501e-07,0.01830554675930386),
    CFrame.new(226.0877685546875,108.99801635742188,-886.945068359375,0.0037246419286038673,-3.4251766093802518e-12,0.9999930634971943,2.5103686501207166e-07,0.9999999999999685,-9.316037185116585e-10,-0.9999930634971628,2.51038593584424e-07,0.0037246419286037506),
    CFrame.new(224.8514404296875,108.99801635742188,-886.8916015625,-0.012165647644483897,2.0805536403082875e-11,0.9999259957703821,3.802821331503672e-07,0.9999999999999276,4.605913758096349e-09,-0.9999259957703097,3.803100245879279e-07,-0.012165647644483024),
    CFrame.new(223.7284393310547,108.99801635742188,-886.8244018554688,-0.027145670742294844,4.606961142129965e-11,0.9996314883795683,3.6472012709261854e-07,0.9999999999999334,9.858135709287521e-09,-0.9996314883795017,3.648533291936767e-07,-0.027145670742293054),
    CFrame.new(222.49436950683594,108.99801635742188,-886.7319946289062,-0.04337682283713509,6.845178355654497e-11,0.9990587826752517,3.5170829774505016e-07,0.999999999999938,1.5201844977942236e-08,-0.9990587826751899,3.520366715383606e-07,-0.04337682283713243),
    CFrame.new(221.26100158691406,108.99801635742188,-886.6305541992188,-0.05673868919518537,4.2441852645680585e-11,0.9983890630152216,2.145025663821972e-07,0.999999999999977,1.2147721807223483e-08,-0.9983890630151986,2.148462620767319e-07,-0.05673868919518407),
    CFrame.new(219.91644287109375,108.99801635742188,-886.5096435546875,-0.06897765858140249,3.3266720882717666e-11,0.9976182048342078,1.6948061736466494e-07,0.9999999999999856,1.168494057483617e-08,-0.9976182048341934,1.6988294909104534e-07,-0.06897765858140151),
    CFrame.new(218.146728515625,108.99801635742188,-886.1915283203125,-0.11989250355948342,5.03695209042402e-09,0.9927868792395673,3.2784941601587344e-06,0.9999999999945494,3.9084916288719953e-07,-0.992786879234154,3.301705870521811e-06,-0.11989250355884645),
    CFrame.new(216.78640747070312,108.99801635742188,-885.6605834960938,-0.21671694731810173,6.793612706299407e-08,0.9762344824606015,1.1927069154516272e-05,0.999999999925549,2.5781325447724058e-06,-0.9762344823877448,1.2202341198215522e-05,-0.21671694730277724),
    CFrame.new(215.6903076171875,108.99801635742188,-885.086669921875,-0.3043677315313236,8.692717612354456e-08,0.9525546094594622,1.061611404598936e-05,0.9999999999382011,3.3008872588645443e-06,-0.9525546094003084,1.1117111936075757e-05,-0.3043677315134368),
    CFrame.new(214.6380615234375,108.99801635742188,-884.4357299804688,-0.38327386602610297,8.52001745782289e-08,0.9236347457850411,8.812345801706136e-06,0.9999999999548181,3.5645493899280625e-06,-0.9236347457430059,9.505587399647438e-06,-0.38327386600953683),
    CFrame.new(213.62799072265625,108.99801635742188,-883.7208251953125,-0.4528169455450692,7.37663808667902e-08,0.8916035070743208,6.796391816821199e-06,0.9999999999712297,3.368935831367731e-06,-0.8916035070484205,7.58519801222627e-06,-0.45281694553254287),
    CFrame.new(212.64639282226562,108.99801635742188,-882.9673461914062,-0.509349125570815,4.849033029788228e-08,0.8605599736684503,4.678011223713873e-06,0.9999999999853793,2.712478696820343e-06,-0.8605599736557368,5.407307867854831e-06,-0.5093491255635948),
    CFrame.new(211.85533142089844,108.99801635742188,-882.33544921875,-0.5438627781048282,2.2954751852382314e-08,0.8391741646357435,2.662420170293985e-06,0.9999999999950139,1.6981415044691081e-06,-0.8391741646315202,3.1577901785514903e-06,-0.5438627781021775),
    CFrame.new(210.89698791503906,108.99801635742188,-881.552490234375,-0.5754055929437488,1.0182349391282638e-08,0.8178682067479165,1.4756049972296596e-06,0.9999999999983854,1.0257019554850938e-06,-0.8178682067465854,1.797045054831949e-06,-0.5754055929428348),
    CFrame.new(210.0331573486328,108.99801635742188,-880.831787109375,-0.5967574488948647,4.83978599520188e-09,0.8024216766691269,8.487529909764539e-07,0.9999999999994444,6.251823676102553e-07,-0.802421676668678,1.0541400328864102e-06,-0.5967574488945372),
    CFrame.new(209.0876922607422,108.99801635742188,-880.0332641601562,-0.6139322718812517,1.8217513333901581e-09,0.7893587052428856,4.266500765225424e-07,0.9999999999998548,3.295238244878389e-07,-0.7893587052427704,5.390852622024299e-07,-0.6139322718811633),
    CFrame.new(208.32073974609375,108.99801635742188,-879.3721923828125,-0.6253097946733417,1.1994222061667877e-09,0.7803766146455078,3.1865199672558483e-07,0.9999999999999171,2.5379642178094733e-07,-0.7803766146454427,4.0736995484741625e-07,-0.6253097946732902),
    CFrame.new(207.47264099121094,108.99801635742188,-878.6329345703125,-0.6354840501186486,6.41875701787985e-10,0.7721139954985914,2.1373596706606948e-07,0.9999999999999618,1.7508285446644334e-07,-0.7721139954985617,2.762908929758076e-07,-0.6354840501186245),
    CFrame.new(206.54470825195312,108.99801635742188,-877.8140258789062,-0.6446568470770054,3.406220712830348e-10,0.7644720724243198,1.2846680545906612e-07,0.9999999999999859,1.0788671903796519e-07,-0.764472072424309,1.6775919714352157e-07,-0.6446568470769964),
    CFrame.new(205.70875549316406,108.99801635742188,-877.06103515625,-0.6524101495641708,3.32061850866842e-10,0.7578660810101323,1.269084975627639e-07,0.999999999999986,1.0881121624430852e-07,-0.7578660810101217,1.6716918755898443e-07,-0.6524101495641617),
    CFrame.new(204.79248046875,108.99801635742188,-876.2290649414062,-0.6593175966713073,2.256043845616876e-10,0.7518645534400271,1.045825427171119e-07,0.9999999999999903,9.140942476807552e-08,-0.7518645534400199,1.3889974902881812e-07,-0.659317596671301),
    CFrame.new(203.7198028564453,108.99801635742188,-875.235107421875,-0.6672600055929074,2.2574565294455585e-10,0.7448248686343342,9.789204806848205e-08,0.9999999999999915,8.739464219029611e-08,-0.7448248686343278,1.312273812796402e-07,-0.6672600055929018),
    CFrame.new(202.7369384765625,108.99801635742188,-874.3095092773438,-0.6739587311814333,1.7681702202461458e-10,0.7387689954676715,1.0131229370367717e-07,0.9999999999999907,9.218509211052371e-08,-0.7387689954676646,1.369753291606434e-07,-0.673958731181427),
    CFrame.new(201.84213256835938,108.99801635742188,-873.4547729492188,-0.6797006441823822,2.3071647623675076e-10,0.7334896279417008,1.0595457368086072e-07,0.9999999999999897,9.787006219864327e-08,-0.7334896279416933,1.442389251504837e-07,-0.6797006441823752),
    CFrame.new(200.95782470703125,108.99801635742188,-872.589111328125,-0.6865338605031314,2.08426806220494e-10,0.7270978327451313,9.819950040314272e-08,0.9999999999999909,9.243440466777807e-08,-0.7270978327451246,1.3485999259965806e-07,-0.6865338605031251),
    CFrame.new(199.9254608154297,108.99710083007812,-871.5532836914062,-0.695177921537295,2.9244836782918084e-10,0.7188377128442042,1.0384697062080985e-07,0.9999999999999897,1.0002212118477564e-07,-0.7188377128441966,1.44182289159846e-07,-0.6951779215372877),
    CFrame.new(199.21572875976562,108.99215698242188,-870.8312377929688,-0.7004643110842071,2.0287856032017954e-10,0.7136874308108047,9.445152451610897e-08,0.9999999999999913,9.24172693020204e-08,-0.7136874308107984,1.321438647419889e-07,-0.700464311084201),
    CFrame.new(198.4339599609375,108.98387908935547,-870.0223388671875,-0.7062810687519748,2.859625226790803e-10,0.7079315305328392,1.0785954149676521e-07,0.9999999999999885,1.0720413832059673e-07,-0.7079315305328309,1.5207342368208086e-07,-0.7062810687519667),
    CFrame.new(197.8133544921875,108.97722625732422,-869.37060546875,-0.7109659322053524,2.3027098541595696e-10,0.7032264523205696,9.718477900376155e-08,0.9999999999999906,9.792691356805239e-08,-0.7032264523205629,1.3796560675127715e-07,-0.7109659322053458),
    CFrame.new(197.04238891601562,108.96895599365234,-868.5513305664062,-0.7163973833531734,2.4659899310036843e-10,0.6976924746080656,9.543874518163409e-08,0.9999999999999907,9.764397754727485e-08,-0.697692474608059,1.365387843143266e-07,-0.7163973833531667),
    CFrame.new(196.2755126953125,108.96171569824219,-867.7280883789062,-0.7213200945549202,1.7405146122756958e-10,0.6926018489661149,9.70228569476148e-08,0.9999999999999902,1.00794540168243e-07,-0.6926018489661081,1.3990333735866963e-07,-0.7213200945549132),
    CFrame.new(195.59280395507812,108.9520492553711,-866.9805297851562,-0.7261735232273999,2.362217141758411e-10,0.6875114647505922,9.356356834118949e-08,0.9999999999999908,9.848150587341172e-08,-0.6875114647505859,1.358406880103786e-07,-0.7261735232273933),
    CFrame.new(194.75914001464844,108.93660736083984,-866.0662231445312,-0.7306614896694098,8.701124343372945e-11,0.682739912055886,8.209460816229513e-08,0.9999999999999928,8.772939210466499e-08,-0.6827399120558811,1.2014975387997406e-07,-0.7306614896694046),
    CFrame.new(194.0845947265625,108.92588806152344,-865.3114013671875,-0.7349051964999943,2.145706401219091e-10,0.6781698549458718,9.252400359503866e-08,0.9999999999999908,9.994811758223339e-08,-0.6781698549458656,1.3619938108863445e-07,-0.7349051964999875),
    CFrame.new(193.26473999023438,108.92216491699219,-864.3842163085938,-0.7397658823681413,2.183717455845241e-10,0.672864354297421,9.22903838178062e-08,0.9999999999999907,1.0114208761221958e-07,-0.6728643542974146,1.369203752024388e-07,-0.7397658823681345),
    CFrame.new(192.59886169433594,108.9192886352539,-863.621337890625,-0.7437331803165954,1.700638925067763e-10,0.6684765938282077,8.419959873063538e-08,0.9999999999999921,9.342432035677143e-08,-0.6684765938282025,1.2576822785901507e-07,-0.7437331803165895),
    CFrame.new(191.78195190429688,108.89215087890625,-862.6924438476562,-0.7463373079918322,-5.779263157460836e-11,0.6655678948833883,5.9675412359899e-08,0.999999999999996,6.70041021936276e-08,-0.6655678948833856,8.972569983627775e-08,-0.7463373079918292),
    CFrame.new(191.1862335205078,108.8378677368164,-862.02001953125,-0.7469360367871467,-3.3527002397265846e-10,0.6648958993321513,2.756459805290594e-08,0.9999999999999991,3.1469981496739726e-08,-0.6648958993321508,4.1833651469055765e-08,-0.746936036787146),
    CFrame.new(190.2942657470703,108.71150207519531,-861.0134887695312,-0.74750818838905,-8.232396860494308e-10,0.6642525937407551,-4.481191237225171e-09,1.0,-3.8035040906436886e-09,-0.6642525937407551,-5.819793354702568e-09,-0.74750818838905),
    CFrame.new(189.4759979248047,108.60165405273438,-860.0918579101562,-0.7476583042056583,-1.2906034190232964e-09,0.6640836243669312,-2.6587488814853135e-08,0.9999999999999993,-2.799007941070125e-08,-0.6640836243669307,-3.858333124176952e-08,-0.7476583042056578),
    CFrame.new(188.80612182617188,108.50074005126953,-859.3394775390625,-0.7474489549777215,-1.6584947007465406e-09,0.6643192453201339,-4.275882223644574e-08,0.999999999999998,-4.5612922566108635e-08,-0.6643192453201325,-6.249883982441102e-08,-0.74744895497772),
    CFrame.new(187.77935791015625,108.29013061523438,-858.1618041992188,-0.7499841531130665,-2.3201438473847934e-09,0.6614557960130643,4.948560146706594e-08,0.999999999999997,5.961632053515806e-08,-0.6614557960130624,7.744383357786098e-08,-0.7499841531130642),
    CFrame.new(186.63845825195312,107.83374786376953,-856.8206787109375,-0.7554782194214862,4.627803113288517e-10,0.6551737631954906,7.432257312889509e-08,0.9999999999999937,8.499471136834327e-08,-0.6551737631954864,1.1290585313202937e-07,-0.7554782194214814),
    CFrame.new(185.88104248046875,107.56352996826172,-855.8857421875,-0.7626352168552379,4.5849945122794533e-10,0.6468288228056663,1.29453358557868e-07,0.99999999999998,1.5192147792510176e-07,-0.6468288228056533,1.9959483278660382e-07,-0.7626352168552227),
    CFrame.new(185.13516235351562,107.25664520263672,-854.9422607421875,-0.7702419281972024,4.738107201465855e-10,0.6377518106968069,1.2482315673778832e-07,0.9999999999999809,1.5001167633644183e-07,-0.6377518106967947,1.951514770598914e-07,-0.7702419281971877),
    CFrame.new(184.5419921875,107.0214614868164,-854.1561279296875,-0.7782178598810614,1.1526289424945176e-09,0.6279943969193839,2.179874064983849e-07,0.9999999999999403,2.682970817099992e-07,-0.627994396919346,3.4568845062066367e-07,-0.7782178598810152),
    CFrame.new(183.95680236816406,106.79064178466797,-853.36279296875,-0.7859611229413467,1.0640648528472039e-09,0.6182759199781093,1.9753773924785908e-07,0.9999999999999495,2.493917578338721e-07,-0.6182759199780777,3.1814505350329245e-07,-0.7859611229413072),
    CFrame.new(183.1248016357422,106.47994232177734,-852.2008666992188,-0.7966523682240699,1.0248488857809198e-09,0.6044377587502131,1.9046586883735155e-07,0.9999999999999508,2.493395463926205e-07,-0.604437758750183,3.137617030040573e-07,-0.796652368224031),
    CFrame.new(182.56031799316406,106.28457641601562,-851.3833618164062,-0.8042742421691035,1.154699657391364e-09,0.594258313684642,1.9436909022220228e-07,0.999999999999947,2.61117681501237e-07,-0.5942583136846102,3.2551567319422465e-07,-0.8042742421690611),
    CFrame.new(181.94149780273438,106.08187103271484,-850.4660034179688,-0.8122019029911941,9.65380563809538e-10,0.5833764383119041,1.6856890780940347e-07,0.9999999999999586,2.330341066525057e-07,-0.5833764383118798,2.8760987393299555e-07,-0.8122019029911607),
    CFrame.new(181.27613830566406,105.88546752929688,-849.4448852539062,-0.8217410733524753,1.5246783218509338e-09,0.5698610430320025,2.2591809554939015e-07,0.9999999999999223,3.230989418490783e-07,-0.5698610430319576,3.9424559284368973e-07,-0.8217410733524118),
    CFrame.new(180.61724853515625,105.6717300415039,-848.4193725585938,-0.8293686607582218,6.401214294875118e-10,0.5587017312950745,1.2752490036690149e-07,0.9999999999999741,1.8815949282536624e-07,-0.5587017312950598,2.2730196919173996e-07,-0.8293686607582005),
    CFrame.new(179.6839599609375,105.36669158935547,-846.91064453125,-0.8408339989972657,9.845062410037592e-10,0.5412930686146518,1.5597467999253578e-07,0.9999999999999589,2.40469193541629e-07,-0.5412930686146293,2.866226868006034e-07,-0.8408339989972314),
    CFrame.new(178.8764190673828,105.21498107910156,-845.5725708007812,-0.8484370827838933,3.4921315085760116e-10,0.5292962464982697,8.221818626419123e-08,0.999999999999988,1.3113213141809513e-07,-0.5292962464982632,1.5477514042313477e-07,-0.8484370827838831),
    CFrame.new(177.913818359375,105.01513671875,-843.932373046875,-0.8559200563104072,2.171913714613386e-10,0.5171081678001124,6.325885931194936e-08,0.9999999999999926,1.0428637258307636e-07,-0.5171081678001085,1.2197247072964206e-07,-0.8559200563104009),
    CFrame.new(177.29554748535156,104.92147827148438,-842.8644409179688,-0.859237910819365,1.747587048153094e-10,0.5115762041091954,6.224803130051012e-08,0.9999999999999927,1.0420951802338767e-07,-0.5115762041091916,1.2138538011989391e-07,-0.8592379108193586),
    CFrame.new(176.73590087890625,104.84455871582031,-841.8916015625,-0.8616797384693675,1.1182651777118157e-10,0.507452488723193,5.697099065761622e-08,0.9999999999999937,9.651922672733514e-08,-0.5074524887231898,1.1207873303790886e-07,-0.8616797384693621),
    CFrame.new(176.17669677734375,104.75646209716797,-840.9195556640625,-0.8633363782324345,-3.924868583589487e-11,0.5046288715685051,5.7044590024617035e-08,0.9999999999999936,9.76716181185678e-08,-0.5046288715685019,1.1310980813579625e-07,-0.8633363782324289),
    CFrame.new(175.73069763183594,104.65638732910156,-840.144287109375,-0.8642528167071127,-7.141980095773546e-11,0.5030577191673156,4.252841984580259e-08,0.9999999999999964,7.320576752853052e-08,-0.5030577191673138,8.466254067315805e-08,-0.8642528167071096),
    CFrame.new(175.12416076660156,104.47561645507812,-839.0791625976562,-0.8658509247219972,4.183069042613648e-12,0.5003020849027738,5.12054672706535e-08,0.9999999999999948,8.861070032656362e-08,-0.5003020849027712,1.0234185885194758e-07,-0.8658509247219927),
    CFrame.new(174.51918029785156,104.31632232666016,-838.011474609375,-0.8672883685726522,1.2878599520862082e-10,0.4978060724203627,4.772655054728555e-08,0.9999999999999954,8.289150826529571e-08,-0.4978060724203604,9.564940765005097e-08,-0.8672883685726482),
    CFrame.new(173.97149658203125,104.1786117553711,-837.03857421875,-0.8686119615938938,1.0927187502181336e-10,0.4954929466460728,5.002895323199725e-08,0.9999999999999949,8.748151839843358e-08,-0.49549294664607024,1.0077648675381659e-07,-0.8686119615938893),
    CFrame.new(173.26748657226562,103.99932861328125,-835.7693481445312,-0.8709213076387863,1.3440297037853412e-10,0.4914225024362912,5.9400640065031035e-08,0.9999999999999928,1.0499901794043006e-07,-0.49142250243628766,1.2063669319254268e-07,-0.87092130763878),
    CFrame.new(172.46755981445312,103.77642059326172,-834.3002319335938,-0.8742636224724375,2.0242098946349006e-10,0.48545145835744624,6.361204627988185e-08,0.9999999999999915,1.1414380587413971e-07,-0.485451458357442,1.3067233784198606e-07,-0.8742636224724301),
    CFrame.new(171.9995574951172,103.64147186279297,-833.4125366210938,-0.8773816947925287,2.708950299936209e-10,0.47979304042783916,6.367561365315552e-08,0.9999999999999912,1.1587688463423642e-07,-0.4797930404278349,1.3221937370342058e-07,-0.877381694792521),
